baseMean	log2FoldChange	lfcSE	stat	pvalue	padj
arahy.Tifrunner.gnm2.ann1.93S04R.1_arahy.Tifrunner.gnm2.ann1.1XR5VC.1	51.1344974693818	6.35910791248807	0.653160708609987	9.73590087196319	0.000000000000000000000211931411605584	0.00000000000000000207777555938114
arahy.Tifrunner.gnm2.ann1.51I078.1_arahy.Tifrunner.gnm2.ann1.4KXQ87.1	2781.67100267756	1.41651423465355	0.179516616837205	7.89071373787152	0.00000000000000300463141628838	0.0000000000147287032026456
arahy.Tifrunner.gnm2.ann1.JRQ3DB.1_arahy.Tifrunner.gnm2.ann1.7AU96Q.1	282.442177193032	-1.14303361880737	0.149969698484583	-7.6217637986708	0.0000000000000250232619047052	0.0000000000817760199045765
arahy.Tifrunner.gnm2.ann1.P6YWRU.2_arahy.Tifrunner.gnm2.ann1.65XND6.2	185.864655353361	0.960848598174831	0.134967816483609	7.1190941900695	0.00000000000108638652402524	0.00000000266273337038586
arahy.Tifrunner.gnm2.ann1.SDZ4E8.1_arahy.Tifrunner.gnm2.ann1.9HZQ4R.1	396.067342645851	-1.33367185416333	0.191821186937078	-6.95268273259517	0.00000000000358404129410879	0.00000000611189061884839
arahy.Tifrunner.gnm2.ann1.EA8RPB.1_arahy.Tifrunner.gnm2.ann1.Z9XA8H.1	787.797546588008	1.05426899240631	0.151776288412837	6.94620354359084	0.00000000000375247258071934	0.00000000611189061884839
arahy.Tifrunner.gnm2.ann1.R4XPT2.1_arahy.Tifrunner.gnm2.ann1.NQPD42.1	110.65843799449	2.96276945490418	0.427844965271127	6.92486693872081	0.00000000000436385499101782	0.00000000611189061884839
arahy.Tifrunner.gnm2.ann1.VS0QUM.1_arahy.Tifrunner.gnm2.ann1.EJT0HD.1	132.521774602805	1.24407382776478	0.19144684580307	6.49827278452256	0.0000000000812473871533386	0.0000000981242610294827
arahy.Tifrunner.gnm2.ann1.I4TDB9.1_arahy.Tifrunner.gnm2.ann1.NCC7G2.2	304.783029658109	-0.981336549905767	0.151377040707965	-6.48273044126256	0.0000000000900773510062571	0.0000000981242610294827
arahy.Tifrunner.gnm2.ann1.YCI8SI.1_arahy.Tifrunner.gnm2.ann1.FG61NG.1	553.05837883703	1.36320418118806	0.220002629714536	6.19630857575151	0.000000000578027522269521	0.000000566698182833038
arahy.Tifrunner.gnm2.ann1.CM231P.1_arahy.Tifrunner.gnm2.ann1.338KFG.1	30.4118433897617	1.82413107499494	0.298007729755058	6.12108644461756	0.000000000929394631918774	0.00000078045576931235
arahy.Tifrunner.gnm2.ann1.H1QDLV.3_arahy.Tifrunner.gnm2.ann1.00L7NP.3	589.528437532632	0.718181653584583	0.117413063956911	6.11670992461406	0.000000000955270219476561	0.00000078045576931235
arahy.Tifrunner.gnm2.ann1.A81NA7.1_arahy.Tifrunner.gnm2.ann1.SPA5CR.1	6.66662935003245	6.3975447892475	1.04989795298816	6.09349201133234	0.00000000110473850632538	0.000000833142793539544
arahy.Tifrunner.gnm2.ann1.NEY80F.1_arahy.Tifrunner.gnm2.ann1.810EMS.1	1239.66326730002	1.68948799177706	0.28585678454145	5.91026025317961	0.00000000341567646750269	0.00000239194943481403
arahy.Tifrunner.gnm2.ann1.NJE7MY.1_arahy.Tifrunner.gnm2.ann1.GQ96QH.1	1641.98560003083	-1.16235686456432	0.207843626477704	-5.59245854329343	0.0000000223876619918015	0.0000146325758778414
arahy.Tifrunner.gnm2.ann1.8D8LNX.2_arahy.Tifrunner.gnm2.ann1.7DG5CM.1	214.122951110099	1.98896647162905	0.359334529953062	5.53513872404319	0.0000000310982117261022	0.0000178968615658532
arahy.Tifrunner.gnm2.ann1.HN87AT.1_arahy.Tifrunner.gnm2.ann1.5UHD3M.1	294.48647622072	-1.86590328734129	0.33705425237568	-5.53591380078942	0.000000030960981980267	0.0000178968615658532
arahy.Tifrunner.gnm2.ann1.JR0DEI.1_arahy.Tifrunner.gnm2.ann1.JJI8YZ.1	123.276589085372	1.36587207708218	0.247195135739915	5.52548120736191	0.0000000328583749679068	0.0000178968615658532
arahy.Tifrunner.gnm2.ann1.HRR6RE.3_arahy.Tifrunner.gnm2.ann1.JK7EPH.2	1764.77552816662	0.689303973002833	0.126034756718301	5.46915780179186	0.0000000452179033048743	0.0000233324381053151
arahy.Tifrunner.gnm2.ann1.Z2MV1Y.1_arahy.Tifrunner.gnm2.ann1.JF9XSQ.1	1113.08256615544	-0.92730465701451	0.17001291973629	-5.45431875679136	0.0000000491609475363317	0.0000240986964823098
arahy.Tifrunner.gnm2.ann1.X3FWT9.1_arahy.Tifrunner.gnm2.ann1.Y5CARX.1	269.623599349211	1.03831525055256	0.191816801800097	5.41305683761034	0.0000000619578127827773	0.0000289254474534452
mt_rps10	2945.92826211424	1.24423789725702	0.230967186469631	5.38707647729269	0.0000000716129678463274	0.0000319133425802452
arahy.Tifrunner.gnm2.ann1.Q1JK99.1_arahy.Tifrunner.gnm2.ann1.N6CTXA.1	583.567321607542	-1.33677545021588	0.251443623938904	-5.31640225858619	0.000000105839032899348	0.0000451150381976176
arahy.Tifrunner.gnm2.ann1.552TW2.2_arahy.Tifrunner.gnm2.ann1.555DAI.1	885.826721734416	-1.00171771136977	0.1896110162475	-5.28301430578389	0.000000127075464027915	0.0000519103270554032
arahy.Tifrunner.gnm2.ann1.4I9AI1.1_arahy.Tifrunner.gnm2.ann1.BLG1SA.1	19.8813526655524	2.16917007841427	0.413389391967674	5.24728045896228	0.000000154360823582227	0.000060534140576006
arahy.Tifrunner.gnm2.ann1.JZGY79.1_arahy.Tifrunner.gnm2.ann1.E7E5VH.1	20.4575892735807	4.51734453362244	0.870643380493626	5.18851304085176	0.000000211979919284076	0.0000799327357177338
arahy.Tifrunner.gnm2.ann1.M0X3QF.1_arahy.Tifrunner.gnm2.ann1.DWN0H8.1	80.6641385466437	1.16994924065137	0.225827538888392	5.18071997069226	0.000000221031101999056	0.0000802588490369905
arahy.Tifrunner.gnm2.ann1.B1GHBY.1_arahy.Tifrunner.gnm2.ann1.KNQB38.1	155.656925776325	-3.66381241925397	0.711086770693221	-5.15241257502543	0.000000257156510220793	0.0000900415152215949
arahy.Tifrunner.gnm2.ann1.F6FJSK.1_arahy.Tifrunner.gnm2.ann1.39SMC6.1	1330.26786408641	-0.968554159982798	0.189201849440917	-5.11915799367095	0.000000306902778383046	0.000103754304802324
arahy.Tifrunner.gnm2.ann1.02ERGG.1_arahy.Tifrunner.gnm2.ann1.WH3HWC.1	123.101413205601	3.76115926270341	0.736972256324247	5.10352897334659	0.00000033337744433363	0.00010497175629177
arahy.Tifrunner.gnm2.ann1.2547FM.1_arahy.Tifrunner.gnm2.ann1.G5DPCC.1	204.002332699652	1.09390571923299	0.214560692224606	5.09835099752508	0.000000342625071535766	0.00010497175629177
arahy.Tifrunner.gnm2.ann1.D5XWDC.1_arahy.Tifrunner.gnm2.ann1.PIH8R2.1	111.656420645207	-3.39153300361559	0.664836264157838	-5.10130566946692	0.000000337318258819491	0.00010497175629177
arahy.Tifrunner.gnm2.ann1.26CS6I.1_arahy.Tifrunner.gnm2.ann1.TF4B4Y.1	301.325969120762	0.764209277563045	0.150847752126738	5.06609655622167	0.000000406056007440182	0.000120635548392228
arahy.Tifrunner.gnm2.ann1.BNTD67.1_arahy.Tifrunner.gnm2.ann1.U5B1LH.1	353.063184395014	1.33084301390326	0.263509647165272	5.05045271860032	0.000000440764202213973	0.0001270956540737
arahy.Tifrunner.gnm2.ann1.BVJT87.2_arahy.Tifrunner.gnm2.ann1.FX64UI.1	160.263723763622	0.799446148280952	0.160432721739315	4.98306168226681	0.000000625859885852485	0.000175312294882793
arahy.Tifrunner.gnm2.ann1.32614Y.1_arahy.Tifrunner.gnm2.ann1.SKZW8D.1	311.156891806724	1.85915256341032	0.377420318349594	4.92594720798321	0.000000839526636351903	0.000228631087299835
arahy.Tifrunner.gnm2.ann1.MK7QVR.1_arahy.Tifrunner.gnm2.ann1.9QU84Y.1	257.469319368734	0.664223452214827	0.135018985693958	4.91948186990824	0.000000867736050515624	0.000229926601060951
arahy.Tifrunner.gnm2.ann1.4P7T15.1_arahy.Tifrunner.gnm2.ann1.QWHT6R.1	411.032337749151	0.657722359043767	0.136728401124754	4.81042968127483	0.00000150606182061709	0.00038856394971921
arahy.Tifrunner.gnm2.ann1.C675LK.1_arahy.Tifrunner.gnm2.ann1.QP6ZVD.1	48.2164263794258	1.63131841496809	0.339987004389609	4.79817873596921	0.00000160114869348213	0.000402504148484585
arahy.Tifrunner.gnm2.ann1.C9Z78F.1_arahy.Tifrunner.gnm2.ann1.T57K28.1	116.868179976756	-0.889142927618714	0.185922092591359	-4.78234143788912	0.00000173265048798188	0.000424672634604358
arahy.Tifrunner.gnm2.ann1.I4JYF5.1_arahy.Tifrunner.gnm2.ann1.D9MA0I.1	733.652146300188	1.29505319167863	0.271891116643727	4.76313168177396	0.0000019061136386047	0.00045579361250928
arahy.Tifrunner.gnm2.ann1.XX3TAX.1_arahy.Tifrunner.gnm2.ann1.X1BDZQ.1	735.791604769073	1.3276244520046	0.281061723108056	4.72360461368903	0.0000023170068379362	0.000522953363830411
arahy.Tifrunner.gnm2.ann1.1T3PYK.1_arahy.Tifrunner.gnm2.ann1.RYM43V.1	508.157738315465	0.545949461782964	0.115430622380334	4.72967615113526	0.0000022487826481205	0.000522953363830411
arahy.Tifrunner.gnm2.ann1.PZXV1H.1_arahy.Tifrunner.gnm2.ann1.5X1NVT.1	111.96879676882	1.05502772327578	0.223475954233229	4.72098990200398	0.00000234699592090352	0.000522953363830411
arahy.Tifrunner.gnm2.ann1.SXJ33X.1_arahy.Tifrunner.gnm2.ann1.BZTS91.1	799.65335601489	0.592698326893634	0.12575706053043	4.71304214963117	0.00000244045691823584	0.000531694213919648
arahy.Tifrunner.gnm2.ann1.76W0IE.1_arahy.Tifrunner.gnm2.ann1.7H0H8R.1	681.48992149659	0.761437601861538	0.161887711863021	4.70349227312459	0.00000255748779426081	0.000545078485542022
arahy.Tifrunner.gnm2.ann1.88G6XK.1_arahy.Tifrunner.gnm2.ann1.DKD5NS.1	49.8285845360543	-1.07143296529726	0.229289660253893	-4.67283594083947	0.00000297069056063072	0.000619673409711141
arahy.Tifrunner.gnm2.ann1.V5BWWI.1_arahy.Tifrunner.gnm2.ann1.CLXM2V.1	324.943872479894	1.69990350933737	0.365170517245225	4.65509516529733	0.00000323831099516902	0.000661425020763273
arahy.Tifrunner.gnm2.ann1.96RWGK.1_arahy.Tifrunner.gnm2.ann1.HFGD5J.1	300.238216131334	0.550129778805791	0.118739691304728	4.63307401898125	0.00000360275651507086	0.000720845405586831
arahy.Tifrunner.gnm2.ann1.8U2TBC.1_arahy.Tifrunner.gnm2.ann1.IJ3QZT.1	489.155838300141	1.57554882794832	0.340848222979781	4.62243521229031	0.00000379261280529316	0.000743655518861884
mt_rpl5	3459.79982992743	1.3322289441824	0.288848739852031	4.61220272196743	0.00000398424130733115	0.000765911799550482
arahy.Tifrunner.gnm2.ann1.77Y3FG.1_arahy.Tifrunner.gnm2.ann1.D3D30P.1	158.121854277903	1.92689442274336	0.41825973982311	4.60693258107578	0.00000408652423432848	0.000770466992179932
arahy.Tifrunner.gnm2.ann1.KJ15H2.1_arahy.Tifrunner.gnm2.ann1.XXUZ88.1	263.486665248579	1.21343075209061	0.264268380018345	4.59166076549292	0.00000439732718450446	0.000813422560695882
arahy.Tifrunner.gnm2.ann1.RKU1UY.1_arahy.Tifrunner.gnm2.ann1.65QXJ7.1	189.731015393043	-0.903640104683903	0.199563682925209	-4.52807891415073	0.00000595223540505531	0.00108066140576226
arahy.Tifrunner.gnm2.ann1.V5YJYF.2_arahy.Tifrunner.gnm2.ann1.1ZL8TB.1	175.168984193501	-0.917182462641785	0.203460273306496	-4.50791915166714	0.00000654665112268758	0.00116697032012416
arahy.Tifrunner.gnm2.ann1.BZ66YC.1_arahy.Tifrunner.gnm2.ann1.C0K8ID.1	496.354824470404	0.827453390412081	0.185464613477032	4.46151626932625	0.00000813817664411839	0.00142476221105244
mt_nad4L	4558.61154911285	0.832318535471181	0.187138248867886	4.44761314432718	0.00000868297254672752	0.00149347127803713
arahy.Tifrunner.gnm2.ann1.EYQ1XG.1_arahy.Tifrunner.gnm2.ann1.C788P2.1	689.18995535567	-0.903587153514897	0.206011891226361	-4.38609222087115	0.0000115405208103851	0.00192537180951012
arahy.Tifrunner.gnm2.ann1.N92LMW.1_arahy.Tifrunner.gnm2.ann1.ERJJ2A.1	166.071547067955	-0.887068652246142	0.202285951333978	-4.38522124940635	0.0000115867948552731	0.00192537180951012
arahy.Tifrunner.gnm2.ann1.L198GP.1_arahy.Tifrunner.gnm2.ann1.Y8VIVB.1	100.178940961386	-0.939152809449991	0.21533906288475	-4.36127471193012	0.000012930689349252	0.00211287463966778
arahy.Tifrunner.gnm2.ann1.14IR3Z.1_arahy.Tifrunner.gnm2.ann1.4PIV4R.1	439.073573859264	-0.667629629445124	0.154106213949045	-4.33226936368624	0.0000147580227813349	0.00237192877620013
arahy.Tifrunner.gnm2.ann1.31C5CF.3_arahy.Tifrunner.gnm2.ann1.FV7J2W.1	583.908610722811	-0.552222337390618	0.127725547639819	-4.3235072982256	0.0000153568055530539	0.00239637735597992
arahy.Tifrunner.gnm2.ann1.6E8E03.1_arahy.Tifrunner.gnm2.ann1.U36RLJ.2	201.946826295616	4.02901869199284	0.932017072197685	4.32290224308066	0.0000153989976975454	0.00239637735597992
arahy.Tifrunner.gnm2.ann1.438HD4.1_arahy.Tifrunner.gnm2.ann1.D3G28H.1	21.7575977950895	3.30625382907398	0.767220550539683	4.30939164331336	0.0000163704241974052	0.00250774435674001
arahy.Tifrunner.gnm2.ann1.Y1TCZK.1_arahy.Tifrunner.gnm2.ann1.FNG8N4.2	393.342318323379	-1.24182644767586	0.288599022799984	-4.30294751391628	0.0000168540787342731	0.00254211366016636
arahy.Tifrunner.gnm2.ann1.Q3DN0U.1_arahy.Tifrunner.gnm2.ann1.C60K2U.1	170.473533347078	-1.20659586955441	0.281166844239619	-4.29138746005952	0.0000177560185277894	0.00263757584312799
arahy.Tifrunner.gnm2.ann1.4EC6E4.3_arahy.Tifrunner.gnm2.ann1.9RI9QX.1	182.301496611918	3.37167433435101	0.793189415272221	4.25078079640518	0.0000213026579792021	0.00311718296758354
arahy.Tifrunner.gnm2.ann1.61PLD2.1_arahy.Tifrunner.gnm2.ann1.0E4EG2.1	163.376320223255	0.880623871606364	0.207511861705844	4.24372787351637	0.0000219836917898458	0.00316953109275953
arahy.Tifrunner.gnm2.ann1.BT3P13.1_arahy.Tifrunner.gnm2.ann1.MX4KCR.1	296.079113585739	2.67054556646039	0.636696398583437	4.19437831343477	0.0000273620990796687	0.00388779738227641
arahy.Tifrunner.gnm2.ann1.4U9R65.1_arahy.Tifrunner.gnm2.ann1.RD9PAU.1	31.8909637514436	1.60401453618055	0.383756184665946	4.1797750766592	0.000029179756226332	0.00408683328632799
arahy.Tifrunner.gnm2.ann1.TK6Q6V.1_arahy.Tifrunner.gnm2.ann1.Y38ELQ.1	234.862369016177	2.14615061835696	0.516691172406664	4.15364289728531	0.0000327223706850387	0.00451845242529746
mt_rps14	927.374153396214	1.06735277907019	0.258875880949178	4.12302905607392	0.0000373922509907985	0.00502183053032587
arahy.Tifrunner.gnm2.ann1.U7H2Z0.1_arahy.Tifrunner.gnm2.ann1.CDY64E.1	189.897822057744	0.705642902680054	0.171053717421283	4.12527078228969	0.0000370298821897922	0.00502183053032587
arahy.Tifrunner.gnm2.ann1.R531TT.1_arahy.Tifrunner.gnm2.ann1.LF558K.1	106.95921759708	-2.61800760433122	0.640905793437343	-4.08485557649615	0.0000441042399743052	0.00584321579335254
arahy.Tifrunner.gnm2.ann1.EN6SL9.2_arahy.Tifrunner.gnm2.ann1.JWD65V.1	333.993415921319	1.14541542326005	0.280653657347881	4.08124174858075	0.0000447957323446335	0.00585569813209048
arahy.Tifrunner.gnm2.ann1.B6CCGS.1_arahy.Tifrunner.gnm2.ann1.VDX6J0.1	432.327513836218	0.733881302813655	0.180894127143221	4.05696588608767	0.000049714340063324	0.00641314986816879
arahy.Tifrunner.gnm2.ann1.HE5IFC.1_arahy.Tifrunner.gnm2.ann1.HSI2D4.1	28.5528031215128	3.28793846832178	0.814273127654089	4.03788158623667	0.0000539360653652988	0.00686739201092714
arahy.Tifrunner.gnm2.ann1.QIQ2JJ.1_arahy.Tifrunner.gnm2.ann1.JA8ULA.1	238.162822876434	0.74963121904157	0.18637304005686	4.02220846326737	0.0000576549946491577	0.00724678932744028
arahy.Tifrunner.gnm2.ann1.4N6INR.1_arahy.Tifrunner.gnm2.ann1.4YLW35.1	1084.08286468006	-1.08840384368567	0.273461722297384	-3.98009576821888	0.0000688875107810794	0.00854902728731269
arahy.Tifrunner.gnm2.ann1.0U7N6T.1_arahy.Tifrunner.gnm2.ann1.R5QLIS.1	119.969222892779	-0.669703762182465	0.168629510865433	-3.97145054116235	0.0000714363328812808	0.00875452259460096
arahy.Tifrunner.gnm2.ann1.R16MRH.1_arahy.Tifrunner.gnm2.ann1.J2Y82Q.1	426.814306810614	-2.80630358841713	0.709545389876007	-3.95507268239391	0.0000765113877740835	0.00925635477459087
arahy.Tifrunner.gnm2.ann1.WBP6JB.1_arahy.Tifrunner.gnm2.ann1.Q786Q7.1	64.6849861273888	-0.969189251120369	0.245224632010006	-3.95225081255632	0.0000774195319784222	0.00925635477459087
arahy.Tifrunner.gnm2.ann1.SUQM4P.1_arahy.Tifrunner.gnm2.ann1.J1V55D.1	521.702481609615	1.04831706396971	0.266329810505891	3.93616119043692	0.0000827953724035077	0.00977982928968662
arahy.Tifrunner.gnm2.ann1.G66ML0.1_arahy.Tifrunner.gnm2.ann1.U5HZVG.1	91.4068656955198	-1.32914331315509	0.338013421835218	-3.93222051934686	0.0000841648036278161	0.00982323493770368
arahy.Tifrunner.gnm2.ann1.TY031Z.1_arahy.Tifrunner.gnm2.ann1.E9M6IW.1	1687.53503736629	-2.15608160536249	0.550225226267359	-3.91854372070325	0.0000890855720233511	0.00997292264299597
arahy.Tifrunner.gnm2.ann1.961YNL.1_arahy.Tifrunner.gnm2.ann1.1N9QNC.1	45.4535980695596	-1.15339547454574	0.294028705609289	-3.92273085090676	0.0000875509384396378	0.00997292264299597
arahy.Tifrunner.gnm2.ann1.JYD53Y.1_arahy.Tifrunner.gnm2.ann1.4HBL4W.1	142.688595904736	-0.915520101864121	0.233424733540526	-3.92212122502079	0.0000877728095445554	0.00997292264299597
arahy.Tifrunner.gnm2.ann1.C4WXPV.1_arahy.Tifrunner.gnm2.ann1.CVD0A8.1	224.614896249927	-1.17109108004832	0.299155609600134	-3.91465525788955	0.0000905334674853776	0.00997292264299597
arahy.Tifrunner.gnm2.ann1.YU3HKG.1_arahy.Tifrunner.gnm2.ann1.GDL09X.1	145.541383243834	-1.22323090597919	0.312414965180992	-3.91540432536747	0.00009025282987429	0.00997292264299597
arahy.Tifrunner.gnm2.ann1.0L0BEE.1_arahy.Tifrunner.gnm2.ann1.FZUB0X.1	464.080891145393	-0.993052018171593	0.254423645616644	-3.90314357678801	0.0000949513376238127	0.0103433657118207
arahy.Tifrunner.gnm2.ann1.05QM7H.2_arahy.Tifrunner.gnm2.ann1.CW2GVZ.1	77.2554927884325	1.29439535626991	0.332207489175185	3.89634610430871	0.0000976548105570739	0.0104066061163212
arahy.Tifrunner.gnm2.ann1.71MGM7.1_arahy.Tifrunner.gnm2.ann1.NJCF43.1	107.333763473274	-0.982605320099197	0.25211148987902	-3.89750312677426	0.0000971895678909521	0.0104066061163212
arahy.Tifrunner.gnm2.ann1.N4KLNP.1_arahy.Tifrunner.gnm2.ann1.XFSN2Q.1	387.350212076761	1.03745191059074	0.267409149847114	3.87964252974843	0.000104610089044101	0.0109106097126422
arahy.Tifrunner.gnm2.ann1.CZPU8Y.1_arahy.Tifrunner.gnm2.ann1.FFP3YJ.1	524.059497292791	1.15090294299293	0.296568232516291	3.88073575253785	0.000104140942096201	0.0109106097126422
arahy.Tifrunner.gnm2.ann1.Q85AV3.2_arahy.Tifrunner.gnm2.ann1.UJ6S9W.1	32.7888535112049	1.35347568715053	0.349837341411191	3.8688714066109	0.000109340286235879	0.0111996027146106
arahy.Tifrunner.gnm2.ann1.YAS9I4.2_arahy.Tifrunner.gnm2.ann1.QMDN7F.1	413.510742925867	0.634215882504033	0.16412586513335	3.86420435309657	0.000111451888301294	0.0111996027146106
arahy.Tifrunner.gnm2.ann1.H96BGA.1_arahy.Tifrunner.gnm2.ann1.7LX6SY.1	154.254268994603	-1.61993360207372	0.419333532060748	-3.86311486732962	0.000111950333132582	0.0111996027146106
arahy.Tifrunner.gnm2.ann1.EK7H7E.1_arahy.Tifrunner.gnm2.ann1.BAG6CY.1	267.105039368511	0.58541311585382	0.151407530280238	3.86647292093258	0.000110420718126455	0.0111996027146106
arahy.Tifrunner.gnm2.ann1.30T4YV.1_arahy.Tifrunner.gnm2.ann1.WUGE08.1	267.55992933415	-1.80647330254904	0.468093887897373	-3.85921147285969	0.000113753471699254	0.0112650407731261
arahy.Tifrunner.gnm2.ann1.XW46IK.1_arahy.Tifrunner.gnm2.ann1.D7XUPH.1	289.864469027448	0.459275491372612	0.119580468135794	3.8407233098558	0.000122672321626775	0.012026794412289
arahy.Tifrunner.gnm2.ann1.B2KMHD.1_arahy.Tifrunner.gnm2.ann1.7L21K7.1	12137.0609607201	1.32766929372956	0.345912526597056	3.83816482967709	0.000123957266341356	0.0120324459327788
arahy.Tifrunner.gnm2.ann1.TB85VG.1_arahy.Tifrunner.gnm2.ann1.J5QP8A.1	518.140642195819	0.652560168494664	0.170493156601601	3.82748599123853	0.00012945874955077	0.0123224619475316
arahy.Tifrunner.gnm2.ann1.04GDI5.1_arahy.Tifrunner.gnm2.ann1.SGX4D5.1	7.68321056810186	3.08820346177665	0.806845896602618	3.82750098225713	0.000129450867705937	0.0123224619475316
arahy.Tifrunner.gnm2.ann1.56RDUW.1_arahy.Tifrunner.gnm2.ann1.KXG0W2.1	206.358405855773	2.26123255732479	0.59239119554216	3.817127219886	0.000135014561160578	0.0127277188232529
arahy.Tifrunner.gnm2.ann1.8X298I.1_arahy.Tifrunner.gnm2.ann1.C9KSLZ.1	7.99357667712423	3.16751156209056	0.834727100103825	3.79466721722175	0.0001478416158436	0.013673954733308
arahy.Tifrunner.gnm2.ann1.FP1IKL.1_arahy.Tifrunner.gnm2.ann1.H4J46B.1	170.085579733328	-0.764665818715791	0.201424050082862	-3.79629849762837	0.000146872638855803	0.013673954733308
arahy.Tifrunner.gnm2.ann1.W2HH1V.1_arahy.Tifrunner.gnm2.ann1.6EUV2M.1	98.3372342629725	-1.91225039618305	0.505567038248243	-3.78238740169626	0.000155331363714178	0.0142324176621851
arahy.Tifrunner.gnm2.ann1.RI7QVZ.1_arahy.Tifrunner.gnm2.ann1.2KYQ06.1	618.31167340314	-3.6754262796721	0.973836249380587	-3.77417279548781	0.000160539462197592	0.014573415623937
arahy.Tifrunner.gnm2.ann1.6F6EX1.1_arahy.Tifrunner.gnm2.ann1.B6LYB4.1	12.0330102058886	2.08842193798622	0.554196146395033	3.76838047606629	0.000164310127585251	0.0147788668884936
arahy.Tifrunner.gnm2.ann1.Q4799Z.1_arahy.Tifrunner.gnm2.ann1.JR430F.2	204.575830601981	1.24325878384632	0.330570816468373	3.76094537663237	0.000169272394852428	0.0150867869012109
arahy.Tifrunner.gnm2.ann1.0N24AQ.1_arahy.Tifrunner.gnm2.ann1.46YZYG.1	237.614195574395	1.7202102148664	0.460027775732288	3.73936163338857	0.000184488162429035	0.0162947922923807
arahy.Tifrunner.gnm2.ann1.42V4U6.1_arahy.Tifrunner.gnm2.ann1.IRIV1V.1	263.037770761821	-3.19232973907286	0.855320859639925	-3.73231834941659	0.000189725509160541	0.0166077579625888
arahy.Tifrunner.gnm2.ann1.HW9M99.2_arahy.Tifrunner.gnm2.ann1.N67QXJ.1	70.0687007668326	-1.25829470360935	0.338904097343548	-3.71283414237926	0.000204951206046845	0.0173398870818576
arahy.Tifrunner.gnm2.ann1.9DG48R.1_arahy.Tifrunner.gnm2.ann1.PKYK26.1	150.689162069619	0.541826539767408	0.145943723580129	3.71257171241027	0.000205163902641318	0.0173398870818576
arahy.Tifrunner.gnm2.ann1.FH2LCI.1_arahy.Tifrunner.gnm2.ann1.L1WQQA.1	110.268800369482	-0.907129346376494	0.244049603554186	-3.71698758435018	0.000201612346996313	0.0173398870818576
arahy.Tifrunner.gnm2.ann1.W4JRHW.1_arahy.Tifrunner.gnm2.ann1.EV0K0L.1	81.63891516566	0.685392594121806	0.184420055919596	3.71647536220587	0.000202021331002565	0.0173398870818576
arahy.Tifrunner.gnm2.ann1.0Z7D2W.1_arahy.Tifrunner.gnm2.ann1.01YFCZ.1	88.7679419983988	-0.87946979880634	0.237636583194793	-3.70090239045994	0.000214834110146079	0.0180019967168561
arahy.Tifrunner.gnm2.ann1.27RLCF.1_arahy.Tifrunner.gnm2.ann1.6VQD09.1	135.277694459463	1.12717433218815	0.305153593205332	3.69379341186292	0.000220933315127067	0.0182019346345023
arahy.Tifrunner.gnm2.ann1.VC4QUA.1_arahy.Tifrunner.gnm2.ann1.G9B5FS.1	21.4965172314197	1.70262766731103	0.460929390993349	3.69390127985048	0.000220839566411213	0.0182019346345023
arahy.Tifrunner.gnm2.ann1.27CGVJ.1_arahy.Tifrunner.gnm2.ann1.9G3TAM.1	387.462641086496	0.602877112963853	0.16382155301841	3.68008422491334	0.000233156930966778	0.0190489212599857
arahy.Tifrunner.gnm2.ann1.01BVTU.1_arahy.Tifrunner.gnm2.ann1.AL0C1A.3	209.265932270534	-1.39983202357238	0.380646145498817	-3.67751529898714	0.000235516954079412	0.0190827125437566
arahy.Tifrunner.gnm2.ann1.DCU3FP.1_arahy.Tifrunner.gnm2.ann1.AZUL8B.1	29.4442310286603	-1.2625679816638	0.343642132891381	-3.67407794568332	0.000238709860061454	0.0191828808855943
arahy.Tifrunner.gnm2.ann1.XZ4G98.2_arahy.Tifrunner.gnm2.ann1.HME85M.2	390.655983489271	-1.02113717661811	0.278129403493645	-3.67144632603162	0.000241181733080796	0.0192239488709278
mt_ccmFc	3165.61353809702	1.03294936445021	0.281596942998809	3.66818387106771	0.000244279489132516	0.0193138396085096
arahy.Tifrunner.gnm2.ann1.N5JW36.1_arahy.Tifrunner.gnm2.ann1.L2UBUE.1	24.2720731795412	-1.35662018855151	0.370884342534666	-3.6577984912499	0.000254390920106349	0.0197940363549416
arahy.Tifrunner.gnm2.ann1.AMJ10Y.1_arahy.Tifrunner.gnm2.ann1.1Z1ZPG.1	268.400350813326	-0.390672126469655	0.106780725153919	-3.65863900911442	0.000253558197745757	0.0197940363549416
arahy.Tifrunner.gnm2.ann1.FRP7IX.1_arahy.Tifrunner.gnm2.ann1.4EQU0E.1	113.727441311715	1.52525735639972	0.418960138815839	3.64057869732131	0.000272025944112339	0.0206739717525378
arahy.Tifrunner.gnm2.ann1.ZZ7G8M.1_arahy.Tifrunner.gnm2.ann1.6F5IGY.1	73.3207001554443	-1.65464871430127	0.454424552219671	-3.64119567531951	0.000271374776073593	0.0206739717525378
arahy.Tifrunner.gnm2.ann1.D04CBC.1_arahy.Tifrunner.gnm2.ann1.YPS1PN.1	186.957563507396	0.651463552235254	0.178779328922275	3.64395344899454	0.000268481999455673	0.0206739717525378
arahy.Tifrunner.gnm2.ann1.K5DIHH.1_arahy.Tifrunner.gnm2.ann1.J9QP8S.2	114.593520059223	-1.31437741960825	0.362144761543012	-3.62942546513169	0.000284052732179863	0.0214219460483952
arahy.Tifrunner.gnm2.ann1.ID0B6N.1_arahy.Tifrunner.gnm2.ann1.SI2KIW.1	116.502030036712	5.19085706636124	1.43418699266102	3.61937257339786	0.000295318190203659	0.0221015231813486
arahy.Tifrunner.gnm2.ann1.AX2CN5.1_arahy.Tifrunner.gnm2.ann1.3X42ZC.1	56.3778224749138	0.938789661675248	0.259766615605331	3.61397348726893	0.000301539910220682	0.0223927597390613
arahy.Tifrunner.gnm2.ann1.7U6XXD.1_arahy.Tifrunner.gnm2.ann1.JS4AYC.1	1157.92453357976	0.82436153047354	0.228224949433691	3.61205701882761	0.000303777748398119	0.0223927597390613
arahy.Tifrunner.gnm2.ann1.958XRS.1_arahy.Tifrunner.gnm2.ann1.L4DPYZ.1	117.837705642896	-0.753189272683658	0.209404717916011	-3.59681138123044	0.000322141900532348	0.0235692477076055
arahy.Tifrunner.gnm2.ann1.TGMZ1E.1_arahy.Tifrunner.gnm2.ann1.UN4PJY.1	258.636223278308	-1.298064589891	0.361482602867922	-3.59094622975614	0.000329479611084561	0.0239275415338743
arahy.Tifrunner.gnm2.ann1.989YCX.1_arahy.Tifrunner.gnm2.ann1.VNL2K0.2	46.6538803090168	-1.63127315493133	0.456677770640595	-3.57204414097734	0.000354205690649368	0.0251932913966216
arahy.Tifrunner.gnm2.ann1.BF3ACX.1_arahy.Tifrunner.gnm2.ann1.SDK6DE.1	88.5409654243855	-1.03136451975935	0.288717820913651	-3.57222327494571	0.000353963426591175	0.0251932913966216
arahy.Tifrunner.gnm2.ann1.YYH81C.1_arahy.Tifrunner.gnm2.ann1.PE2E54.1	236.49083201918	-0.422638125536045	0.118328370642507	-3.57173958570695	0.000354617932755383	0.0251932913966216
arahy.Tifrunner.gnm2.ann1.H9CC2T.1_arahy.Tifrunner.gnm2.ann1.J3Q9FM.1	66.4881309761746	-1.82569437592394	0.511910211619224	-3.56643476626317	0.000361870835675991	0.025341297664053
arahy.Tifrunner.gnm2.ann1.MWT26D.1_arahy.Tifrunner.gnm2.ann1.92DGJ8.1	144.750717351026	1.92767611133551	0.540230375194362	3.56824828785679	0.000359375874085006	0.025341297664053
arahy.Tifrunner.gnm2.ann1.V96LGR.2_arahy.Tifrunner.gnm2.ann1.3U9JDY.2	79.616620174005	0.862029536271767	0.242400566162478	3.55621915377029	0.000376230268347312	0.026160010999128
arahy.Tifrunner.gnm2.ann1.860KU2.1_arahy.Tifrunner.gnm2.ann1.WX8AQN.1	64.9932822107093	1.57457747380699	0.443710116866262	3.54866254780839	0.000387192936715162	0.0265611358557122
arahy.Tifrunner.gnm2.ann1.26IG8H.1_arahy.Tifrunner.gnm2.ann1.IGY6G6.1	150.662143617081	0.810279031816068	0.228343469441148	3.54850976819771	0.000387417628250392	0.0265611358557122
arahy.Tifrunner.gnm2.ann1.DU2U9I.1_arahy.Tifrunner.gnm2.ann1.1SGT9N.1	92.1856233274455	-0.592000441826173	0.168102096713191	-3.52167196841227	0.00042883442568512	0.0291964771487286
arahy.Tifrunner.gnm2.ann1.JBC01Z.1_arahy.Tifrunner.gnm2.ann1.S6H019.1	2535.58125797984	-5.17578484720562	1.47150700309931	-3.51733619772404	0.000435901296117436	0.0292733098651666
arahy.Tifrunner.gnm2.ann1.04U8N5.1_arahy.Tifrunner.gnm2.ann1.EE2GV2.1	677.313260093873	0.499988048299361	0.14215045316761	3.51731589423655	0.000435934643034916	0.0292733098651666
arahy.Tifrunner.gnm2.ann1.IW12TT.1_arahy.Tifrunner.gnm2.ann1.0990KC.1	628.711564753926	0.527420480636364	0.150058573228937	3.51476406370801	0.000440144839859952	0.0293549660543331
arahy.Tifrunner.gnm2.ann1.6V3LNB.1_arahy.Tifrunner.gnm2.ann1.90YMMC.1	49.5564793591419	1.09039083935735	0.311089926147472	3.50506637376761	0.000456493461118233	0.0300366569986789
arahy.Tifrunner.gnm2.ann1.G5XEUT.1_arahy.Tifrunner.gnm2.ann1.9BH1ZA.1	1066.46733026288	0.983001013453488	0.28041015432326	3.50558279826156	0.000455608766151637	0.0300366569986789
arahy.Tifrunner.gnm2.ann1.UTHZ1X.1_arahy.Tifrunner.gnm2.ann1.YVFI37.1	462.956906376613	1.04747714349974	0.299281869093295	3.49996859707266	0.000465312970665754	0.0303857079897227
arahy.Tifrunner.gnm2.ann1.X3Q019.1_arahy.Tifrunner.gnm2.ann1.JD54WY.1	257.583522286271	0.847717531626431	0.242313349124479	3.49843512414559	0.000467996930482265	0.0303857079897227
arahy.Tifrunner.gnm2.ann1.MQA7K9.1_arahy.Tifrunner.gnm2.ann1.L5CA9S.1	164.030587831214	-0.875415008378707	0.250905536644937	-3.48902228338441	0.000484790733722774	0.0312690023251189
arahy.Tifrunner.gnm2.ann1.E0G2VY.1_arahy.Tifrunner.gnm2.ann1.G51Q6K.1	752.542685000495	-2.6373499171567	0.758000822657761	-3.47934967657346	0.000502632269861128	0.0318133902818253
arahy.Tifrunner.gnm2.ann1.1DL5MS.1_arahy.Tifrunner.gnm2.ann1.G6JZIF.1	313.60648562072	-1.01927209925467	0.292963987553171	-3.47917198891103	0.000502965676630245	0.0318133902818253
arahy.Tifrunner.gnm2.ann1.KDG5NW.1_arahy.Tifrunner.gnm2.ann1.XXTB4R.1	125.338831253075	-4.76402480471474	1.3685388464651	-3.48110308817328	0.000499353262019651	0.0318133902818253
arahy.Tifrunner.gnm2.ann1.ISXH2S.2_arahy.Tifrunner.gnm2.ann1.MXVB7A.1	122.208925186877	-0.883639133031816	0.254261466611723	-3.4753167469973	0.000510250479328742	0.0320672801239678
arahy.Tifrunner.gnm2.ann1.Q36MFY.1_arahy.Tifrunner.gnm2.ann1.76C20C.1	9403.34599073803	-4.04117081188847	1.1637834544038	-3.47244222848893	0.000515746001302517	0.0322062025271967
arahy.Tifrunner.gnm2.ann1.LY71N7.1_arahy.Tifrunner.gnm2.ann1.LFBK1H.1	460.701857845219	-1.84635709254445	0.532870450123715	-3.46492677932467	0.000530375860417272	0.032910157819816
arahy.Tifrunner.gnm2.ann1.XS05IV.1_arahy.Tifrunner.gnm2.ann1.JQE858.1	21.4527361387305	1.31185145730539	0.37909408263749	3.46049046236328	0.000539192333928346	0.033246802778827
arahy.Tifrunner.gnm2.ann1.SLIY4S.1_arahy.Tifrunner.gnm2.ann1.78LN1U.1	56.5890985686264	2.93258617985467	0.848732391871956	3.4552542214002	0.000549774178377196	0.0336874127800627
arahy.Tifrunner.gnm2.ann1.F45QZ4.1_arahy.Tifrunner.gnm2.ann1.R7WU7D.1	2226.06098865271	1.17823064195372	0.341602986769498	3.44912277581678	0.000562410923587129	0.0341198950246641
arahy.Tifrunner.gnm2.ann1.DW64SD.1_arahy.Tifrunner.gnm2.ann1.61ZXLU.1	1441.62928302643	0.660167639295554	0.191438383703509	3.44846015999587	0.00056379263504647	0.0341198950246641
arahy.Tifrunner.gnm2.ann1.293ST4.1_arahy.Tifrunner.gnm2.ann1.5K20PQ.1	704.346982645754	-0.941809362475496	0.273879333340598	-3.43877484652796	0.000584353022287476	0.0344129658256588
arahy.Tifrunner.gnm2.ann1.J633C6.1_arahy.Tifrunner.gnm2.ann1.L615XT.1	10.6518860304795	2.81369241127736	0.81724285780122	3.44290853620619	0.000575493912679376	0.0344129658256588
arahy.Tifrunner.gnm2.ann1.C3HPWP.1_arahy.Tifrunner.gnm2.ann1.Z62C6M.1	152.596055837189	-1.43410620350935	0.417063486952687	-3.43858009241657	0.000584773524764285	0.0344129658256588
arahy.Tifrunner.gnm2.ann1.94SQQ0.1_arahy.Tifrunner.gnm2.ann1.YU9W9A.1	56.8018770912272	1.42492814384177	0.414473069566636	3.43792696913129	0.000586185770388108	0.0344129658256588
arahy.Tifrunner.gnm2.ann1.3V8BTX.1_arahy.Tifrunner.gnm2.ann1.34CRUF.1	143.785262828117	-2.68798842424368	0.78172903467179	-3.4385168070062	0.000584910227810348	0.0344129658256588
arahy.Tifrunner.gnm2.ann1.Q4J3I9.1_arahy.Tifrunner.gnm2.ann1.PPIL2T.1	304.773879062186	1.10148372088503	0.321010110881793	3.43130538118979	0.000600683973618289	0.0348467791559391
arahy.Tifrunner.gnm2.ann1.9CPW5C.1_arahy.Tifrunner.gnm2.ann1.IVBW5X.1	62.126705773233	2.47191255612775	0.720107443555008	3.43269963149453	0.000597603753527552	0.0348467791559391
arahy.Tifrunner.gnm2.ann1.V0MKZ1.1_arahy.Tifrunner.gnm2.ann1.04HYJ8.1	68.2371151491417	-1.53471616946531	0.447982660659369	-3.42583832866749	0.000612905079716926	0.035346596479675
arahy.Tifrunner.gnm2.ann1.IE6GXI.1_arahy.Tifrunner.gnm2.ann1.CFT0F0.1	396.586697566902	-4.07217905560715	1.19138814355696	-3.41801207073407	0.000630803092760921	0.0361660439849595
arahy.Tifrunner.gnm2.ann1.EG7WDB.1_arahy.Tifrunner.gnm2.ann1.F4FCT6.1	43.394395708838	2.32182119823941	0.679748566398167	3.4157059139414	0.000636169110286345	0.0362616392863217
arahy.Tifrunner.gnm2.ann1.76BF38.1_arahy.Tifrunner.gnm2.ann1.5WFN9L.1	1059.03146515832	0.914360354588334	0.268207608364499	3.40915144116904	0.000651652935176726	0.0367172722785783
arahy.Tifrunner.gnm2.ann1.R8YQMP.1_arahy.Tifrunner.gnm2.ann1.B496DS.1	389.406518513254	1.02891962654941	0.301694901833035	3.4104640824154	0.000648524254117104	0.0367172722785783
arahy.Tifrunner.gnm2.ann1.M94QCZ.1_arahy.Tifrunner.gnm2.ann1.FV0UX9.1	71.0472881276859	-0.866943208008362	0.254653696912067	-3.40440063710412	0.000663094197132307	0.0370743520625395
arahy.Tifrunner.gnm2.ann1.TQI4QJ.1_arahy.Tifrunner.gnm2.ann1.PCT7KU.1	538.827898516714	-3.288756621987	0.966318044506717	-3.4033894334094	0.000665553443799158	0.0370743520625395
arahy.Tifrunner.gnm2.ann1.ALS4S9.1_arahy.Tifrunner.gnm2.ann1.5FY99X.1	142.078146206084	-0.683556066778727	0.200953272169827	-3.40156723698954	0.000670006446248829	0.037111543497308
arahy.Tifrunner.gnm2.ann1.FHD422.1_arahy.Tifrunner.gnm2.ann1.V3YSAY.2	1184.49796491615	0.891034125051325	0.262078259009365	3.39987806855617	0.000674159086173407	0.0371317734878881
arahy.Tifrunner.gnm2.ann1.VQ5KVR.1_arahy.Tifrunner.gnm2.ann1.0F111G.1	152.461038479537	-2.07291695696726	0.612285241202396	-3.38554127631183	0.000710380250409364	0.0389082009777285
arahy.Tifrunner.gnm2.ann1.QS1SX0.1_arahy.Tifrunner.gnm2.ann1.WUED23.1	198.688302538776	-1.18317649066591	0.349833626688592	-3.38211195380347	0.000719308233297028	0.0389775714336444
arahy.Tifrunner.gnm2.ann1.GVRL8L.1_arahy.Tifrunner.gnm2.ann1.NQ58Z6.1	80.2556435662582	-0.795224215932812	0.235134216910085	-3.38200125180805	0.000719598167022607	0.0389775714336444
arahy.Tifrunner.gnm2.ann1.226PX6.1_arahy.Tifrunner.gnm2.ann1.SNQ1P9.1	659.897469416741	0.916375838136159	0.271206852302853	3.37888158191834	0.000727813508022135	0.039205954025544
arahy.Tifrunner.gnm2.ann1.Y7XFN8.1_arahy.Tifrunner.gnm2.ann1.G0YQ1S.1	59.038295730269	1.31834040563693	0.390948299529675	3.37216048061327	0.000745809775962923	0.0399043558810669
arahy.Tifrunner.gnm2.ann1.QID06X.1_arahy.Tifrunner.gnm2.ann1.EYB30S.1	117.727097123429	-0.957679683937632	0.28433189356319	-3.36817538101753	0.000756674455778892	0.0399043558810669
arahy.Tifrunner.gnm2.ann1.F6IBWZ.1_arahy.Tifrunner.gnm2.ann1.D0LQY1.2	240.693120463212	-0.412467036654753	0.122455859490227	-3.36829154906771	0.000756355675066051	0.0399043558810669
arahy.Tifrunner.gnm2.ann1.9WXZ62.1_arahy.Tifrunner.gnm2.ann1.9P7KAZ.1	79.3372194371505	-5.15090959317278	1.52935148688874	-3.36803516871822	0.000757059383300536	0.0399043558810669
arahy.Tifrunner.gnm2.ann1.K5HXAR.1_arahy.Tifrunner.gnm2.ann1.ZLL73C.1	93.2534660799091	1.19582295010919	0.355604808774828	3.36278621829998	0.000771600922826166	0.0404533446384371
arahy.Tifrunner.gnm2.ann1.KP8ZM2.1_arahy.Tifrunner.gnm2.ann1.7RBI59.1	138.499040636793	-1.046532061872	0.311698397780651	-3.35751505084241	0.000786464616352996	0.0408015328814493
arahy.Tifrunner.gnm2.ann1.NL9WC0.1_arahy.Tifrunner.gnm2.ann1.A4HWYP.1	101.218942702916	-0.872492802905999	0.259865412043906	-3.35747953543962	0.000786565658363313	0.0408015328814493
arahy.Tifrunner.gnm2.ann1.ZYC9F0.1_arahy.Tifrunner.gnm2.ann1.M8DR4H.1	436.12958792918	0.503600630796889	0.150491909880743	3.34636347692022	0.000818789883655699	0.0422495579966341
arahy.Tifrunner.gnm2.ann1.QC7G13.1_arahy.Tifrunner.gnm2.ann1.2K35VF.1	104.249433458666	-0.757445881781999	0.227584639127261	-3.32819422561489	0.000874109024283545	0.0448678789218632
arahy.Tifrunner.gnm2.ann1.53LB3Q.1_arahy.Tifrunner.gnm2.ann1.AM6VYI.1	246.51983680085	-0.794683967585993	0.238950468466287	-3.32572676122672	0.000881883332494771	0.0450311676655143
arahy.Tifrunner.gnm2.ann1.WT3DYW.1_arahy.Tifrunner.gnm2.ann1.31YFLV.1	1079.16019745054	0.354577062261425	0.106737151866343	3.32196480851794	0.000893859667390312	0.0454062185445317
arahy.Tifrunner.gnm2.ann1.GAE861.1_arahy.Tifrunner.gnm2.ann1.NDZJ5A.1	270.985893261539	0.414910350615457	0.124973948075545	3.31997473877236	0.000900255938290318	0.045495408345352
arahy.Tifrunner.gnm2.ann1.CEE6V6.1_arahy.Tifrunner.gnm2.ann1.8YQ6WV.1	33.8715539175351	-2.08609191069315	0.629077712485003	-3.31611161751798	0.00091279364143619	0.0458924556955918
arahy.Tifrunner.gnm2.ann1.WWW5AY.1_arahy.Tifrunner.gnm2.ann1.FTPT4H.1	143.037722027048	-0.900884495707533	0.271957402770819	-3.3125941288192	0.000924350151118657	0.0462363718447312
arahy.Tifrunner.gnm2.ann1.1RK1ZX.1_arahy.Tifrunner.gnm2.ann1.H003I6.1	24.3205433654489	1.61947854771063	0.489217112083237	3.31034730329525	0.000931802767871181	0.0463725600822795
arahy.Tifrunner.gnm2.ann1.ELEK5G.1_arahy.Tifrunner.gnm2.ann1.JI0RX7.1	336.424829263295	0.539124382870538	0.162950725461266	3.30851170710921	0.000937932633468897	0.0464418764572175
arahy.Tifrunner.gnm2.ann1.1Z1C0T.1_arahy.Tifrunner.gnm2.ann1.FB9VDL.1	365.529354765885	-0.810459661129005	0.245148956711902	-3.30598862014108	0.000946419313499396	0.0466266077866737
mt_cox2	37473.4685667803	-0.688776275488449	0.208596695327358	-3.3019520007617	0.000960144990426954	0.0470663074307293
arahy.Tifrunner.gnm2.ann1.DHC6FB.1_arahy.Tifrunner.gnm2.ann1.79NSX3.1	113.077051471125	-0.53104219582684	0.161050257576187	-3.29736942876743	0.000975950404957187	0.0476030734835834
arahy.Tifrunner.gnm2.ann1.BEAG7X.1_arahy.Tifrunner.gnm2.ann1.UQN5NZ.1	56.3056362344502	-1.92341997539359	0.585556819245362	-3.28477085771522	0.0010206534221612	0.0495370601528137
arahy.Tifrunner.gnm2.ann1.UN150X.1_arahy.Tifrunner.gnm2.ann1.M7YZEH.1	136.038353071421	-0.772239708226854	0.235390063865401	-3.28068099199136	0.00103556798534207	0.049768179060263
arahy.Tifrunner.gnm2.ann1.0BBG36.1_arahy.Tifrunner.gnm2.ann1.HK0HI4.1	217.727969031789	0.623136861009691	0.189867900877157	3.2819494929417	0.00103092068922536	0.049768179060263
