baseMean	log2FoldChange	lfcSE	stat	pvalue	padj
arahy.Tifrunner.gnm2.ann1.Z9XA8H.1	524.073038780207	1.89920424283081	0.180402354636137	10.5276022957761	0.0000000000000000000000000644553492819706	0.000000000000000000000580098143537735
arahy.Tifrunner.gnm2.ann1.M2T8LS.1	41.5212591858944	8.18934112045481	0.970390641438864	8.43922104227213	0.0000000000000000319459455076868	0.000000000000143756754784591
arahy.Tifrunner.gnm2.ann1.CM6PIJ.2	362.735753830945	0.937506415513018	0.146334447235092	6.40660099673508	0.000000000148799554261591	0.000000446398662784773
arahy.Tifrunner.gnm2.ann1.XEZX8F.1	77.8232926900875	1.17067050388632	0.185768950317089	6.30175549728903	0.000000000294293160818956	0.000000662159611842652
arahy.Tifrunner.gnm2.ann1.IZQK6X.1	307.688014127498	0.902194800128744	0.154680437670153	5.83263671682013	0.00000000545582684420572	0.0000098204883195703
arahy.Tifrunner.gnm2.ann1.1Y2NXV.1	236.361168656359	1.0322996160889	0.181876989356253	5.6758120955415	0.0000000138032232147909	0.0000207048348221864
arahy.Tifrunner.gnm2.ann1.289CQF.1	52.6762253485534	1.51624090894216	0.272567840428383	5.56280193055477	0.0000000265477154837204	0.0000329061493232229
arahy.Tifrunner.gnm2.ann1.MAUU5A.2	517.252542305166	1.14572580466775	0.206983227133172	5.53535578962926	0.0000000310597202154612	0.0000329061493232229
arahy.Tifrunner.gnm2.ann1.VNL4SU.1	49.5947494206968	1.52734151791176	0.276430589413109	5.52522613779635	0.0000000329061493232229	0.0000329061493232229
arahy.Tifrunner.gnm2.ann1.FYKT6P.1	239.124308458455	1.07196674474046	0.199545677921061	5.37203689856177	0.0000000778521726281773	0.0000700669553653596
arahy.Tifrunner.gnm2.ann1.JUI4U4.1	4.94124811005044	3.39179038761039	0.635974032375918	5.33322150739252	0.0000000964854937135048	0.0000789426766746858
arahy.Tifrunner.gnm2.ann1.5WJ9LU.1	83.2892845083704	1.47897343532966	0.279740867260006	5.28694091004952	0.000000124378794924162	0.0000861083964859586
arahy.Tifrunner.gnm2.ann1.PT1D4B.1	113.219125541017	1.10673372350607	0.209152166122634	5.29152408040156	0.000000121301214855192	0.0000861083964859586
arahy.Tifrunner.gnm2.ann1.M8DMLH.1	8.4085621228858	4.57825852317448	0.869734847541707	5.26397043433969	0.000000140977130800581	0.0000906281555146594
arahy.Tifrunner.gnm2.ann1.ZHHZ35.1	86.8889022028794	1.1097934162249	0.213632189033406	5.19487920451611	0.000000204852809769397	0.000122911685861638
arahy.Tifrunner.gnm2.ann1.6DFT40.1	124.713778478183	1.07779963312517	0.209518323775031	5.14417838834206	0.000000268694126399478	0.000151140446099706
arahy.Tifrunner.gnm2.ann1.8KX9XE.1	404.130247795655	0.954831637615866	0.186873118862021	5.10951839103661	0.000000322981052336505	0.000170989968884032
arahy.Tifrunner.gnm2.ann1.SPA5CR.1	4.05450823897135	5.36130070659505	1.05848446826742	5.06507262725423	0.000000408244676909716	0.000204122338454858
arahy.Tifrunner.gnm2.ann1.21Z9DD.2	209.663814877301	0.764484668178522	0.151801956451118	5.03606597734921	0.00000047519682769008	0.000206806928102336
arahy.Tifrunner.gnm2.ann1.N1LJUX.1	422.427813902689	1.04202504104161	0.206363502912393	5.04946381669039	0.000000443051842441379	0.000206806928102336
arahy.Tifrunner.gnm2.ann1.RZWE33.1	174.691968453997	1.28918910188202	0.256680463231606	5.02254470656293	0.000000509913228058564	0.000206806928102336
arahy.Tifrunner.gnm2.ann1.X1BDZQ.1	476.808270649252	2.53092278242789	0.504603748083209	5.01566385910106	0.000000528506594039302	0.000206806928102336
arahy.Tifrunner.gnm2.ann1.X1E2Z0.1	96.5845372846043	1.23279141465731	0.245495824509361	5.02163903244027	0.000000512323985368469	0.000206806928102336
arahy.Tifrunner.gnm2.ann1.5A5R3G.1	98.6853549941718	1.12734595948136	0.225149512540394	5.00709926822115	0.000000552564331777017	0.000207211624416381
arahy.Tifrunner.gnm2.ann1.EK5UG7.1	155.491397095723	1.25374012873682	0.251696868097232	4.98115108946246	0.000000632071646483043	0.000227545792733895
arahy.Tifrunner.gnm2.ann1.3Y20MY.1	56.2243741476465	1.46791027609853	0.301135416902055	4.87458529853356	0.0000010903726500683	0.000377436686562104
arahy.Tifrunner.gnm2.ann1.UY7CFX.1	96.2822261321397	1.33176038429203	0.281998934974594	4.72257238989931	0.00000232880157178006	0.000776267190593355
arahy.Tifrunner.gnm2.ann1.GMHU8S.1	246.637952155317	1.05252211512735	0.224106080409478	4.69653528902126	0.00000264611536816721	0.00082892043186913
arahy.Tifrunner.gnm2.ann1.Y9SFAF.1	61.7809661902489	1.18878454469974	0.25322248533817	4.6946247412119	0.00000267096583602275	0.00082892043186913
arahy.Tifrunner.gnm2.ann1.NWRG9K.1	47.7409092815243	1.57139258850054	0.336927703643532	4.66388655936427	0.00000310292476626774	0.000930877429880321
arahy.Tifrunner.gnm2.ann1.I3AU87.2	151.208432259558	1.27234586584926	0.276557086055943	4.60066268412982	0.00000421148950717986	0.00119212106229178
arahy.Tifrunner.gnm2.ann1.IM4PDC.1	161.310984402445	1.34963436217303	0.293441933621178	4.59932343519572	0.00000423865266592632	0.00119212106229178
arahy.Tifrunner.gnm2.ann1.0Y1MFM.1	174.329005818544	1.37763526655863	0.304439300154575	4.52515580563731	0.00000603510277624682	0.00150877569406171
arahy.Tifrunner.gnm2.ann1.3R9A5K.1	138.856259041152	0.810387287516956	0.178807450051377	4.53217853777404	0.00000583784755016672	0.00150877569406171
arahy.Tifrunner.gnm2.ann1.KNQB38.1	137.44033921318	-3.05327344891659	0.674287548733697	-4.52814745674986	0.00000595030541498663	0.00150877569406171
arahy.Tifrunner.gnm2.ann1.YP07ID.1	6.25078164312599	-3.91267319898732	0.863142059376081	-4.53305821038959	0.00000581357855286828	0.00150877569406171
arahy.Tifrunner.gnm2.ann1.2F8F1S.2	79.9681390662366	1.61751557175446	0.359421609222867	4.50032922408815	0.00000678482957666109	0.00163264505358771
arahy.Tifrunner.gnm2.ann1.ZMX436.1	64.5657144609683	1.29752217007983	0.288533566712474	4.49695397614802	0.00000689339022625921	0.00163264505358771
arahy.Tifrunner.gnm2.ann1.84FHQN.1	262.792706356402	1.04322069654236	0.233587521999473	4.46608058346844	0.00000796656128340919	0.00183843721924827
arahy.Tifrunner.gnm2.ann1.EXSC1B.1	453.906255690273	1.17754943097656	0.264119743684431	4.45839229794001	0.00000825766702263702	0.00185797508009333
arahy.Tifrunner.gnm2.ann1.9W290Q.1	101.156681384067	1.16679617809337	0.265152426031589	4.40047332606475	0.0000108015005430883	0.00237106109482427
arahy.Tifrunner.gnm2.ann1.I64MY8.1	161.130269683916	0.921094411390629	0.209640725638733	4.39368070580867	0.0000111447467783893	0.00238816002394056
arahy.Tifrunner.gnm2.ann1.6GB5J4.1	77.2324084025817	0.947098637771381	0.217723744042849	4.35000161298432	0.0000136136530604135	0.00278461085326639
arahy.Tifrunner.gnm2.ann1.Z4V8RQ.1	326.182491776959	0.776256584564472	0.178337622683272	4.35273596723392	0.0000134449036357329	0.00278461085326639
arahy.Tifrunner.gnm2.ann1.BDP107.2	74.5668047185663	1.21415121355722	0.280900831784977	4.32234823172978	0.0000154377273243037	0.00308754546486073
arahy.Tifrunner.gnm2.ann1.46S9P8.1	367.422488327309	1.03435102745403	0.239873195192371	4.31207424666401	0.0000161730102187438	0.00316428460801508
arahy.Tifrunner.gnm2.ann1.BK6NKR.1	86.3182471390327	0.81864511238801	0.190120945786858	4.30591752528824	0.0000166295010294	0.00318437253754468
arahy.Tifrunner.gnm2.ann1.RD8T5J.1	54.2428117364313	1.27541618513917	0.296671156921937	4.29909061053335	0.0000171500351483359	0.00321563159031299
arahy.Tifrunner.gnm2.ann1.BK5KAP.1	245.345678359755	1.24039813095606	0.28904864325155	4.29131275968864	0.000017761993659282	0.00326240699864363
arahy.Tifrunner.gnm2.ann1.ALNH3D.1	127.50037986157	0.637310322433471	0.148806730606738	4.28280575639911	0.0000184551272887884	0.00332192291198191
arahy.Tifrunner.gnm2.ann1.2E9LMX.1	454.609397181787	1.11803935525837	0.261770643598674	4.27106469957134	0.0000194541953282227	0.00343309329321577
arahy.Tifrunner.gnm2.ann1.J4ZAEP.1	79.4762149523841	1.13338457030783	0.266273785237405	4.25646320871324	0.000020768619456089	0.0035945687520154
arahy.Tifrunner.gnm2.ann1.YFBV2Q.1	105.409936672008	1.37942349086337	0.326218127249763	4.22853108284578	0.0000235222023190816	0.00399433624286291
arahy.Tifrunner.gnm2.ann1.YA5RRX.1	263.263130452653	1.58003911272466	0.374464386341089	4.21946430784328	0.0000244883486089395	0.00408139143482325
arahy.Tifrunner.gnm2.ann1.LEEI49.1	83.1163685300595	1.35691781728007	0.322321679474433	4.20982485414141	0.000025556873179843	0.00418203379306521
arahy.Tifrunner.gnm2.ann1.IDQ1YW.1	299.599999792877	0.798186342200046	0.190327589790232	4.19375006576692	0.0000274380290483091	0.00440968323990682
arahy.Tifrunner.gnm2.ann1.V9KE7M.1	16.3029948912664	1.55749306087933	0.371743494606486	4.18969822868867	0.0000279325676722687	0.00441040542193716
arahy.Tifrunner.gnm2.ann1.DT0EHL.1	25.948658527706	1.45517680669373	0.349005421888041	4.16949627550641	0.0000305273604447887	0.00473700420694997
arahy.Tifrunner.gnm2.ann1.7CSR8W.1	5.88599747765704	2.53933185921356	0.616155297679752	4.12125298407057	0.0000376817356192521	0.00565226034288781
arahy.Tifrunner.gnm2.ann1.ZWYX82.1	47.212197916369	0.948801053946634	0.230185819816009	4.12189184679153	0.0000375773622866966	0.00565226034288781
arahy.Tifrunner.gnm2.ann1.F1TPPK.1	92.7444427274377	0.945121929242218	0.229890759976547	4.11117841073142	0.0000393644871580851	0.00580787515447158
arahy.Tifrunner.gnm2.ann1.Y78NPN.1	41.4355605417686	1.0299630508499	0.250840565052865	4.10604660626893	0.0000402488306946548	0.00584257219761119
arahy.Tifrunner.gnm2.ann1.YKZY74.1	194.554817268676	1.3191943980823	0.323711990990045	4.07521017076834	0.0000459728076057334	0.0065675439436762
arahy.Tifrunner.gnm2.ann1.JR6N4B.1	314.416004455343	0.953077295800753	0.234492787889787	4.06442050682047	0.0000481519460861241	0.0067713674183612
arahy.Tifrunner.gnm2.ann1.I6T9ZP.1	73.3554401902454	1.30717589582553	0.322398876179447	4.05452993917372	0.0000502352165880104	0.00695564537372451
arahy.Tifrunner.gnm2.ann1.FW1LZ6.1	201.775551347706	0.71203956783932	0.176242822246116	4.04010534309866	0.0000534271985602994	0.00728552707640446
arahy.Tifrunner.gnm2.ann1.3ML67S.1	87.440129332087	1.42378371849053	0.354936813186259	4.01137235021991	0.000060366813961436	0.00810897500974513
arahy.Tifrunner.gnm2.ann1.QX4MR3.1	35.6324812179157	1.23249460494119	0.309133203185644	3.98693699751508	0.0000669317896863264	0.00885861922319025
arahy.Tifrunner.gnm2.ann1.0GP62G.1	16.392054086131	1.70196750962642	0.428197503925646	3.97472543399496	0.0000704604945976712	0.0089316119912541
arahy.Tifrunner.gnm2.ann1.K38ATV.1	104.057219067835	1.09677152503874	0.275754620239232	3.97734596101138	0.0000696887381966294	0.0089316119912541
arahy.Tifrunner.gnm2.ann1.T8IATB.1	238.189552440171	0.869218801869203	0.218469974468311	3.97866482103372	0.0000693033602322984	0.0089316119912541
arahy.Tifrunner.gnm2.ann1.IRJT2S.1	41.2437023177421	0.965910576092772	0.243595077661401	3.96523027216254	0.0000733251260000618	0.00916564075000773
arahy.Tifrunner.gnm2.ann1.BHH580.1	10.2972867110518	2.83846278534232	0.718128138363227	3.95258538651863	0.000077311328063729	0.0095315335968981
arahy.Tifrunner.gnm2.ann1.MTX888.1	313.222118296849	0.884536257165327	0.22401310881609	3.94859149913193	0.0000786123683326779	0.0095609637161365
arahy.Tifrunner.gnm2.ann1.18R6S7.1	210.502677791362	0.884549184444861	0.224618846156739	3.93800074917855	0.0000821633380831672	0.00985960056998006
arahy.Tifrunner.gnm2.ann1.39Y8M7.1	4.35039298760039	3.97244325172845	1.01090086457543	3.92960713649881	0.0000850847607376326	0.00989225628186253
arahy.Tifrunner.gnm2.ann1.GA9KAJ.1	504.741437137685	-4.59042087821835	1.16831510005339	-3.9290948803183	0.0000852661942499108	0.00989225628186253
arahy.Tifrunner.gnm2.ann1.GX02YE.1	83.1785965792373	0.991696296727096	0.252482523488547	3.92778194318103	0.0000857328877761419	0.00989225628186253
arahy.Tifrunner.gnm2.ann1.RFG9X9.1	43.9736638944115	1.08415423387103	0.27767138645775	3.90445068071856	0.0000944396480409691	0.0107589472451737
arahy.Tifrunner.gnm2.ann1.IA1MHA.1	26.0240897630696	1.5829606678273	0.406813714057629	3.89111923498984	0.0000997828806160123	0.0110869867351125
arahy.Tifrunner.gnm2.ann1.PR438B.1	37.2361160820521	1.05544158772392	0.271191729728774	3.89186495023095	0.0000994766150116343	0.0110869867351125
arahy.Tifrunner.gnm2.ann1.Z3L6UJ.1	61.0354967482451	1.39246640161805	0.358227572588921	3.88710001174577	0.000101448963451397	0.0111346423300314
arahy.Tifrunner.gnm2.ann1.R4XM2R.1	675.09528884527	1.57624603557405	0.40822644889498	3.86120507341148	0.000112829150270487	0.0122344861739082
arahy.Tifrunner.gnm2.ann1.7C619S.1	183.328989671631	1.22826636997418	0.31892108053555	3.85131759842154	0.000117484017950796	0.012587573351871
arahy.Tifrunner.gnm2.ann1.T6KP8R.1	15.4717022594556	-1.54037429463518	0.400899288536017	-3.84229740157494	0.000121888016498587	0.0127557226568289
arahy.Tifrunner.gnm2.ann1.U8THEZ.1	193.818884723122	1.12938968244204	0.293901693415707	3.84274642761104	0.000121665153420599	0.0127557226568289
arahy.Tifrunner.gnm2.ann1.VK0N59.1	131.030513548145	0.948488886896279	0.24710247213032	3.83844353607298	0.000123816678379786	0.0128086219013572
arahy.Tifrunner.gnm2.ann1.H9FJ3E.1	285.241471524959	-3.60595520454416	0.940757302153419	-3.83303450984652	0.000126572189082848	0.0129448829743822
arahy.Tifrunner.gnm2.ann1.KT28YJ.1	234.832761626742	1.12406584760113	0.294190882320532	3.82087248501608	0.000132980398348374	0.0131723847394033
arahy.Tifrunner.gnm2.ann1.KT3XM2.1	397.040183647573	1.1871139361032	0.31072304977244	3.82048881462959	0.000133187445698411	0.0131723847394033
arahy.Tifrunner.gnm2.ann1.WGU3TA.1	137.500575375117	1.3219508559301	0.345844425904763	3.82238589640919	0.000132166641205317	0.0131723847394033
arahy.Tifrunner.gnm2.ann1.25NBW7.1	69.958159902988	1.15889058358384	0.30372638968817	3.815574223806	0.000135866606867818	0.0132912984979387
arahy.Tifrunner.gnm2.ann1.CFT0F0.1	33.1860213337292	-5.03425346169356	1.32095819928882	-3.81106189764666	0.000138371111333984	0.0133907527097404
arahy.Tifrunner.gnm2.ann1.KTU7AY.1	112.031937371616	0.797087135067827	0.209565055278302	3.80353076522847	0.000142648268432706	0.0136578129350463
arahy.Tifrunner.gnm2.ann1.P1AWAH.1	53.5166309994129	0.992930078760162	0.261314582016525	3.7997499837088	0.000144842140192345	0.0137218869655905
arahy.Tifrunner.gnm2.ann1.7QC2VN.1	39.9755593286663	1.76682737375498	0.465332378905984	3.79691475136303	0.000146508144162082	0.0137351385151952
arahy.Tifrunner.gnm2.ann1.1G3A4W.1	124.106175270578	1.02874102701752	0.271875530060982	3.78386766468746	0.000154409946234368	0.0142292368168118
arahy.Tifrunner.gnm2.ann1.74RI4B.1	350.402095636968	2.16182254247099	0.571455044803071	3.78301418830938	0.000154940578671951	0.0142292368168118
arahy.Tifrunner.gnm2.ann1.1UG3AM.2	163.315930726386	1.10889175720098	0.294522786705167	3.76504571889386	0.000166518611177465	0.0151380555615877
arahy.Tifrunner.gnm2.ann1.X9C74S.1	149.45104569699	1.24601337655005	0.332084228522819	3.75210042973912	0.000175359184722118	0.0157823266249906
arahy.Tifrunner.gnm2.ann1.1PEU5R.1	39.1317631855698	1.56420393203413	0.41836076139263	3.73888776477803	0.000184836219819204	0.0158431045559318
arahy.Tifrunner.gnm2.ann1.4JJ040.1	74.8401628619549	-1.12324420955044	0.300117317672919	-3.74268375533929	0.000182065303489363	0.0158431045559318
arahy.Tifrunner.gnm2.ann1.M2TLIU.1	242.94482275391	1.57204333822388	0.419367658488112	3.74860413387946	0.000177821503612506	0.0158431045559318
arahy.Tifrunner.gnm2.ann1.QGLS4H.1	192.232050271274	0.815038385232651	0.217881328380875	3.74074452037439	0.000183475948657795	0.0158431045559318
arahy.Tifrunner.gnm2.ann1.SHW8SI.1	61.5107277628462	1.00851684998287	0.269599382828339	3.74079806638511	0.000183436860471088	0.0158431045559318
arahy.Tifrunner.gnm2.ann1.N6CTXA.1	340.422872168326	-1.57663131520636	0.422504624369656	-3.731630908321	0.000190244104046782	0.0161528012869909
arahy.Tifrunner.gnm2.ann1.Q2K3EA.1	216.566604638667	0.964212483080192	0.258873780505049	3.72464326514283	0.000195591610821466	0.0164516308167589
arahy.Tifrunner.gnm2.ann1.JV4B91.1	179.398117678057	1.03367623625681	0.277992088627679	3.71836566054667	0.000200515879470346	0.016627418315667
arahy.Tifrunner.gnm2.ann1.LJ9V8V.1	52.7018555088464	1.16798353200226	0.314203521137304	3.71728339572575	0.000201376510711967	0.016627418315667
arahy.Tifrunner.gnm2.ann1.VK23H5.1	930.79675613156	1.22678968292364	0.330744118648792	3.70918064374211	0.000207931042248215	0.0170125398203085
arahy.Tifrunner.gnm2.ann1.NSD4SF.1	57.2853467870034	1.10726583167056	0.30037027645172	3.68633622724164	0.00022750573390487	0.0184464108571517
arahy.Tifrunner.gnm2.ann1.48A5Q0.1	80.8255325886622	1.2412860579312	0.337422998926022	3.67872392184904	0.000234403836915402	0.0185397283571081
arahy.Tifrunner.gnm2.ann1.5A4VTA.1	247.293915214333	1.37730775301707	0.374180835632733	3.68086128913594	0.000232447440268748	0.0185397283571081
arahy.Tifrunner.gnm2.ann1.H95TME.1	171.684228364054	1.44615704124694	0.393216759779224	3.67776043436933	0.000235290789161872	0.0185397283571081
arahy.Tifrunner.gnm2.ann1.LYA50U.1	148.958923578861	1.23202920138683	0.335152583994282	3.67602477266848	0.000236896529007492	0.0185397283571081
arahy.Tifrunner.gnm2.ann1.UCI1EL.1	46.5077691281583	0.969154581260884	0.264052421009625	3.67031128726352	0.000242255266851913	0.0187956672557519
arahy.Tifrunner.gnm2.ann1.01AR4S.1	155.253939568781	1.20983212906038	0.330923457678004	3.65592737834129	0.000256253897321636	0.0197118382555105
arahy.Tifrunner.gnm2.ann1.SL9RL0.1	57.8500586350585	1.19122025245413	0.326104787522834	3.65287569527241	0.000259319783599842	0.0197786275626998
arahy.Tifrunner.gnm2.ann1.JM8ET5.1	64.0648944898106	1.18271105491364	0.324538096584365	3.64429035407924	0.000268130589674343	0.0199640360199769
arahy.Tifrunner.gnm2.ann1.Q4EYD3.1	48.4368310636821	1.10415917445158	0.303005222423179	3.64402687723153	0.000268405373157467	0.0199640360199769
arahy.Tifrunner.gnm2.ann1.TU72Q6.1	1796.19379468532	1.11389276489041	0.305442153570872	3.6468206888541	0.00026550506358478	0.0199640360199769
arahy.Tifrunner.gnm2.ann1.J9QP8S.2	31.1710946851949	-1.51821329567149	0.417070625780889	-3.64018274561752	0.000272444608808375	0.0200983727809457
arahy.Tifrunner.gnm2.ann1.0E87YT.1	82.655297080115	1.01698762279528	0.280758243234605	3.62228945116128	0.000292007113598257	0.0213663741657261
arahy.Tifrunner.gnm2.ann1.2FBG5I.1	150.688992421686	0.900855985975169	0.249465341928179	3.61114685916782	0.000304845969576137	0.0219303733655784
arahy.Tifrunner.gnm2.ann1.98L393.1	99.2987741552382	1.24092102129231	0.343812170606997	3.60929928426173	0.000307025227118098	0.0219303733655784
arahy.Tifrunner.gnm2.ann1.IU6EK0.1	32.4201104432919	1.46202315150078	0.404641599166241	3.61313111284966	0.000302521632801404	0.0219303733655784
arahy.Tifrunner.gnm2.ann1.2RFB5Y.1	45.651576275408	-1.20235480313183	0.33334007140421	-3.60699149690242	0.0003097678075098	0.0219520493510882
arahy.Tifrunner.gnm2.ann1.JPY1I2.1	3.16263564387456	-4.56952914857422	1.26881135695856	-3.60142516341258	0.000316477526957587	0.0222523261142053
arahy.Tifrunner.gnm2.ann1.PJ6ZH1.1	7.10874945849233	-2.70040886241604	0.752359273956392	-3.58925443719932	0.000331625049225992	0.0231366313413483
arahy.Tifrunner.gnm2.ann1.D99VU0.2	31.5835058700117	1.23284173513108	0.343727782780527	3.58668049803311	0.000334914265772318	0.0231741826061558
arahy.Tifrunner.gnm2.ann1.J4263J.2	107.412149541897	1.10936157359783	0.309461042448578	3.58481818848707	0.000337313102378489	0.0231741826061558
arahy.Tifrunner.gnm2.ann1.K947VD.1	184.949748642314	0.912576249562127	0.255062207952673	3.57785756222833	0.000346422137225239	0.0234946904251772
arahy.Tifrunner.gnm2.ann1.T6X9B2.1	11.5179115916843	-1.52519148482832	0.426356072046965	-3.57727163942048	0.000347199314060952	0.0234946904251772
arahy.Tifrunner.gnm2.ann1.YGA72Z.1	50.8979548937459	1.06062390565229	0.297655210527628	3.5632633602221	0.000366272881737022	0.0244781026436157
arahy.Tifrunner.gnm2.ann1.Z77BB1.1	43.5474970557501	1.04225058908129	0.292551688652845	3.56262031465513	0.000367171539654236	0.0244781026436157
arahy.Tifrunner.gnm2.ann1.68YRKD.1	96.1157632333537	1.1451622658871	0.32203847358187	3.55597967270817	0.000376573195066235	0.0249202849676185
arahy.Tifrunner.gnm2.ann1.DJIM9Q.1	113.502062944231	1.06504116791138	0.299940895647985	3.55083679273041	0.000384008465370062	0.025226833491464
arahy.Tifrunner.gnm2.ann1.J1JEGY.2	211.057673255813	0.753199238716064	0.212882447595998	3.53809929950384	0.000403018464213346	0.0257245828221285
arahy.Tifrunner.gnm2.ann1.T1PXLY.1	58.595288349592	0.947399535530182	0.267473378234576	3.54203301197066	0.000397055779730861	0.0257245828221285
arahy.Tifrunner.gnm2.ann1.UJN8CA.1	84.2746533872568	0.925445015831268	0.261346144565707	3.5410700906613	0.000398507700128555	0.0257245828221285
arahy.Tifrunner.gnm2.ann1.Z6JJZG.1	171.231689990864	1.20366112993985	0.340021200805144	3.53995905869891	0.000400189109027248	0.0257245828221285
arahy.Tifrunner.gnm2.ann1.JCZ0SG.1	10.1550533441669	-5.86619779488117	1.65913239901621	-3.5357020321944	0.0004066931329536	0.025776325328045
arahy.Tifrunner.gnm2.ann1.L0QAVJ.1	104.030323660457	0.972968010112522	0.275419869432523	3.53267181528055	0.000411382810948172	0.0258912258638709
arahy.Tifrunner.gnm2.ann1.4KR684.1	67.8106632615863	1.00234461701336	0.285234284643933	3.51410987730531	0.000441230260469245	0.0271991256453644
arahy.Tifrunner.gnm2.ann1.HUK63J.1	1028.57017263492	0.869108586432063	0.247242062155612	3.5152133049475	0.000439400906603666	0.0271991256453644
arahy.Tifrunner.gnm2.ann1.JZ48ZW.1	29.4526684139149	1.2115116579416	0.344622965498372	3.51546988805458	0.000438976537627418	0.0271991256453644
arahy.Tifrunner.gnm2.ann1.0P59UU.1	89.9100014901178	1.09932840648858	0.313191230338967	3.51008680957884	0.000447960420424832	0.0274261481892754
arahy.Tifrunner.gnm2.ann1.6CR394.1	93.2448684801745	1.03800235881339	0.29674336269253	3.497980037009	0.000468796221250297	0.028415894610816
arahy.Tifrunner.gnm2.ann1.C35Y2E.1	34.7012383716965	1.08469359575729	0.310332639005136	3.49526108254227	0.0004735982435136	0.028415894610816
arahy.Tifrunner.gnm2.ann1.V3UUHR.1	53.9201720387733	0.987480003844308	0.282486630596217	3.49566987209317	0.000472873349808082	0.028415894610816
arahy.Tifrunner.gnm2.ann1.YPLH9H.1	80.1653298845098	1.06974972222399	0.306400885124667	3.49134018261317	0.00048060389829629	0.0286452654613683
arahy.Tifrunner.gnm2.ann1.50DUHM.1	29.8544201311062	1.34849335732438	0.386471939357609	3.48924001976918	0.000484395992294396	0.0286813416490103
arahy.Tifrunner.gnm2.ann1.HRHY9P.1	78.5611191304438	1.42533028411362	0.411289030282966	3.46551981494132	0.000529207528501898	0.0310093214233788
arahy.Tifrunner.gnm2.ann1.T4QIAH.1	201.901759961889	1.63909201726418	0.47306821276083	3.46481114784361	0.000530603944355593	0.0310093214233788
arahy.Tifrunner.gnm2.ann1.41FI20.3	19.2334481754806	1.36174381473669	0.393461242132775	3.46093507801505	0.00053830261305958	0.0312562807582982
arahy.Tifrunner.gnm2.ann1.0U2YQ3.1	18.9159663016088	-2.71733020953934	0.786166057327249	-3.45643287981361	0.000547375509160527	0.0315793562977227
arahy.Tifrunner.gnm2.ann1.HRS6MU.1	32.4900959972075	1.09998882149305	0.319701673926391	3.44067269959403	0.000580269993689372	0.0332638849885627
arahy.Tifrunner.gnm2.ann1.45IBUQ.1	79.1316939175821	0.922932488752698	0.268636791521119	3.43561462123903	0.000591211310824067	0.0335076223662031
arahy.Tifrunner.gnm2.ann1.896A9W.1	35.9909318010402	1.023645182661	0.29798116771938	3.43526804225765	0.000591967995136254	0.0335076223662031
arahy.Tifrunner.gnm2.ann1.6K80GF.1	5.54343344544925	-4.17265698950766	1.21703761453399	-3.42853576559783	0.000606846570941137	0.0341351196154389
arahy.Tifrunner.gnm2.ann1.3DLK77.1	127.350761457173	1.01177121980723	0.295488812469107	3.42405931159581	0.000616931545989866	0.0344868566081291
arahy.Tifrunner.gnm2.ann1.8I6L3A.1	28.2015986246895	1.02822370944923	0.300462274479161	3.42213913953628	0.000621305101145762	0.0345169500636534
arahy.Tifrunner.gnm2.ann1.WW5JWV.1	10.2821244967931	-1.91671298240765	0.560516031902937	-3.41955068778401	0.000627246454057312	0.0346332397945755
arahy.Tifrunner.gnm2.ann1.N4CHUD.1	56.0578660371518	1.04653217954377	0.307573855708104	3.40253945555424	0.00066762714650681	0.0364160261730987
arahy.Tifrunner.gnm2.ann1.XZA3Z3.1	87.6474373588663	1.18802014385281	0.349021037763253	3.40386399475055	0.000664398256808758	0.0364160261730987
arahy.Tifrunner.gnm2.ann1.37HJXT.1	66.2021861932119	0.726014367520138	0.214202289920215	3.3893865830779	0.0007004917962966	0.0379784708835506
arahy.Tifrunner.gnm2.ann1.146QCX.1	1174.93164270946	1.16876995493907	0.34515132786533	3.38625368231262	0.000708538519256678	0.0381847106186234
arahy.Tifrunner.gnm2.ann1.34Y9P3.1	87.0050004170935	1.55952517729819	0.46120422433423	3.38141997625768	0.000721122337586106	0.0386315537992557
arahy.Tifrunner.gnm2.ann1.519I88.1	91.0916721391844	0.990265514081736	0.294349472368897	3.3642510248521	0.00076751699479935	0.0403394369462578
arahy.Tifrunner.gnm2.ann1.D1TSEC.1	7.33026311337403	-3.02642238276104	0.89905063369822	-3.3662424220891	0.000761997096704894	0.0403394369462578
arahy.Tifrunner.gnm2.ann1.J0E0JD.1	113.884810136991	1.14281541155794	0.339817612055871	3.36302584390488	0.000770931461639594	0.0403394369462578
arahy.Tifrunner.gnm2.ann1.N0B4J9.1	12.9878003285227	-2.8309183318201	0.84143647299433	-3.36438747627139	0.000767137587395054	0.0403394369462578
arahy.Tifrunner.gnm2.ann1.Q3UL2U.1	21.4489564679224	1.19062108129947	0.355435552750438	3.34975235900344	0.000808838386588928	0.0420782975682101
arahy.Tifrunner.gnm2.ann1.8LL1Z7.1	14.2155369560105	-4.73991997928858	1.42117759499459	-3.33520595594996	0.00085236244702153	0.0440791248426411
arahy.Tifrunner.gnm2.ann1.8YQ6WV.1	17.613541061451	-4.56784298182537	1.37021601206255	-3.33366632823793	0.000857094094162466	0.0440791248426411
arahy.Tifrunner.gnm2.ann1.Y8VIVB.1	49.1854756400322	-1.14569975072784	0.344204378241142	-3.32854496674993	0.000873009106913353	0.0446425111489783
arahy.Tifrunner.gnm2.ann1.9EB9RH.1	116.247592590536	0.992646646613373	0.298765510254724	3.32249410504933	0.000892165564540791	0.0449371499447616
arahy.Tifrunner.gnm2.ann1.NK6UX8.1	48.6451362684961	-1.30109808627345	0.391844578404545	-3.32044427301016	0.000898742998895232	0.0449371499447616
arahy.Tifrunner.gnm2.ann1.VH0VRX.1	57.1572386523919	1.11130213457844	0.33422878869077	3.32497430556954	0.000884266839339094	0.0449371499447616
arahy.Tifrunner.gnm2.ann1.W5C21C.1	176.555899639699	1.1369193322808	0.342249380294879	3.32190326042735	0.000894056855844799	0.0449371499447616
arahy.Tifrunner.gnm2.ann1.04HYJ8.1	29.5329375742634	-1.66470441521041	0.502203910727079	-3.31479779359004	0.000917094379311098	0.0454919244693297
arahy.Tifrunner.gnm2.ann1.45ZUWH.2	239.609722844041	1.29493160713703	0.391294253795982	3.30935503032506	0.000935111780758444	0.0454919244693297
arahy.Tifrunner.gnm2.ann1.NFUI4Q.1	98.391944499237	1.57535599478831	0.475905194332514	3.31023072147351	0.000932190979496971	0.0454919244693297
arahy.Tifrunner.gnm2.ann1.SHN3V5.1	30.0265939046465	1.2145756569063	0.366926012562635	3.31013778070305	0.000932500574950114	0.0454919244693297
arahy.Tifrunner.gnm2.ann1.WBLX3G.2	49.1294016569128	-1.5361070114721	0.463616408100153	-3.31331459506986	0.000921972117028664	0.0454919244693297
arahy.Tifrunner.gnm2.ann1.D7NBKG.1	82.3687940261194	1.35521389044128	0.410329937288359	3.30274193347219	0.000957444566084535	0.0463279628750582
arahy.Tifrunner.gnm2.ann1.CCZS04.1	418.766922518033	1.14137002904234	0.34607239752363	3.29806721717645	0.000973528264352136	0.0468543014928835
arahy.Tifrunner.gnm2.ann1.F47PG2.1	16.445334869295	-6.66452825194553	2.02439563229355	-3.29210760269964	0.0009943955737047	0.0476040434220335
arahy.Tifrunner.gnm2.ann1.YQ2HRW.1	6.41640786404881	-2.07111205559342	0.630325036197885	-3.28578421711813	0.00101698885198896	0.048428040570903
arahy.Tifrunner.gnm2.ann1.7K6CNB.1	7.59462055169404	-6.51114088291543	1.98640690385205	-3.27784849634232	0.00104601521390087	0.0492886750005646
arahy.Tifrunner.gnm2.ann1.YGB7WG.2	172.086848877852	0.657840705309226	0.200690880827341	3.27788040292265	0.00104589699020944	0.0492886750005646
arahy.Tifrunner.gnm2.ann1.K28DE3.1	220.700747943688	1.15823460430769	0.353748984980841	3.27417082022276	0.00105972528711625	0.0494172413681153
arahy.Tifrunner.gnm2.ann1.NQ5HSN.1	168.841127682443	1.16610024401485	0.356142245496557	3.27425420252798	0.00105941261150616	0.0494172413681153
arahy.Tifrunner.gnm2.ann1.M26Z43.1	111.555866029308	0.9001456883586	0.275065844124793	3.27247350983431	0.00106610862390417	0.0494586475007089
