Estimate	Std. Error	t value	Pr(>|t|)
(Intercept)	0.346316221940235	0.00486233657581233	71.2242389107704	0
TargetingDual-targeted_Interacting	0.108018276789615	0.0724806515993934	1.4903049904496	0.136147629348311
TargetingDual-targeted_Non-interacting	-0.0642863073707382	0.0193734072869125	-3.31827573842244	0.000906115855683049
TargetingMitochondria-targeted_Interacting	0.0674349919411432	0.0375071666726881	1.79792284844186	0.072192646193093
TargetingMitochondria-targeted_Non-interacting	-0.00944943464403763	0.058783545994046	-0.160749653397819	0.872290947554605
TargetingPlastid-targeted_Interacting	-0.156950590464541	0.0392838321834074	-3.99529734603726	6.46654023784335e-05
TargetingPlastid-targeted_Non-interacting	-0.0995848127203821	0.0246905056576709	-4.03332414901121	5.50394734757739e-05
dipDelta	0.487945918562111	0.00265408777942528	183.846940687007	0
TargetingDual-targeted_Interacting:dipDelta	-0.0329639406050195	0.0478464120092576	-0.688953240603317	0.4908545020383
TargetingDual-targeted_Non-interacting:dipDelta	-0.0226381080413275	0.013284082945066	-1.70415286737846	0.0883560468139739
TargetingMitochondria-targeted_Interacting:dipDelta	0.107213978809929	0.0264144022694822	4.05892125500784	4.93422966153612e-05
TargetingMitochondria-targeted_Non-interacting:dipDelta	0.0891453696498328	0.0381753880773892	2.33515293856653	0.0195376584321063
TargetingPlastid-targeted_Interacting:dipDelta	-0.0486228528926896	0.0294832532907974	-1.64916850976776	0.0991166710932021
TargetingPlastid-targeted_Non-interacting:dipDelta	-0.00231816047811648	0.0171066018670278	-0.135512622327678	0.892206893733376
