Estimate	Std. Error	t value	Pr(>|t|)
(Intercept)	0.291468345969514	2.12286990664693	0.137299202865374	0.890794614572984
TargetingDual-targeted_Non-interacting	0.688812150817911	8.61593153290901	0.0799463352496426	0.936280119315222
TargetingMitochondria-targeted_Interacting	-111.948840944547	41.4859860831716	-2.69847366578465	0.00696715351947296
TargetingMitochondria-targeted_Non-interacting	0.772331488463228	33.3831132596035	0.0231353943072115	0.981542325111698
TargetingPlastid-targeted_Interacting	0.373192011988364	86.8280978473392	0.00429805582801675	0.996570667913563
TargetingPlastid-targeted_Non-interacting	0.82469999990763	10.7650235685681	0.0766092145228188	0.938934602512624
dipRatio	-0.000460994564766176	0.0150835167445138	-0.0305628039252749	0.975618275753305
TargetingDual-targeted_Non-interacting:dipRatio	-0.00859697640873217	2.55940939829108	-0.00335896883651063	0.997319943278019
TargetingMitochondria-targeted_Interacting:dipRatio	241.149094302654	43.619383458546	5.52848470524192	3.23922174066536e-08
TargetingMitochondria-targeted_Non-interacting:dipRatio	-0.149355483783408	26.7388684710587	-0.0055857069623221	0.995543286488921
TargetingPlastid-targeted_Interacting:dipRatio	0.388197183773851	90.3581650136545	0.00429620481685511	0.99657214478896
TargetingPlastid-targeted_Non-interacting:dipRatio	0.0369658683357422	1.15932391146268	0.0318857119828604	0.974563265338752
