Estimate	Std. Error	t value	Pr(>|t|)
(Intercept)	0.368869196311019	0.00511353576078774	72.1358397724777	0
TargetingDual-targeted_Interacting	0.128760215504091	0.0762251642065266	1.68920876516874	0.0911829569199569
TargetingDual-targeted_Non-interacting	-0.122504359466861	0.020374280847348	-6.01269612334841	1.83175507675467e-09
TargetingMitochondria-targeted_Interacting	0.0857072831679596	0.0394448708097864	2.17283721326564	0.0297952187867737
TargetingMitochondria-targeted_Non-interacting	0.0540786840934941	0.0618204354839928	0.874770351747146	0.381701249135596
TargetingPlastid-targeted_Interacting	-0.189267450746918	0.0413133228353444	-4.58126913444484	4.62792706990541e-06
TargetingPlastid-targeted_Non-interacting	-0.0882919221956075	0.0259660724147503	-3.40028021124412	0.00067346579913751
dipDelta	0.502084192035647	0.00279120389153512	179.880872751116	0
TargetingDual-targeted_Interacting:dipDelta	0.0290014358457199	0.0503182646902323	0.576360016074831	0.564373332117466
TargetingDual-targeted_Non-interacting:dipDelta	0.0135536040258289	0.0139703683876546	0.970167976229318	0.331965425117839
TargetingMitochondria-targeted_Interacting:dipDelta	0.128451446073362	0.0277790293820341	4.62404370962063	3.76862198212572e-06
TargetingMitochondria-targeted_Non-interacting:dipDelta	0.13771475424399	0.0401476140271236	3.43021017764468	0.000603389256274568
TargetingPlastid-targeted_Interacting:dipDelta	0.0445486180399745	0.0310064241123965	1.43675445702762	0.1507913149051
TargetingPlastid-targeted_Non-interacting:dipDelta	0.0355733411750871	0.0179903671884315	1.97735492569391	0.0480046270654086
