Estimate	Std. Error	t value	Pr(>|t|)
(Intercept)	0.923807347316232	0.0825291279342872	11.1937126980404	4.57981598603851e-29
TargetingDual-targeted_Non-interacting	-0.00244086833319304	0.334954729692142	-0.0072871588809522	0.994185756412464
TargetingMitochondria-targeted_Interacting	-0.127563213375261	1.61281774366759	-0.0790933841570834	0.93695852553095
TargetingMitochondria-targeted_Non-interacting	-0.108163956828334	1.29780879008184	-0.0833435230636038	0.933578583802168
TargetingPlastid-targeted_Interacting	-0.302197787300795	3.37554702391175	-0.0895255747172478	0.928664433218499
TargetingPlastid-targeted_Non-interacting	0.120499296541789	0.418503274517297	0.287929160603996	0.773401642756844
dipRatio	4.65167677773155e-05	0.000586389905104051	0.0793273679721027	0.936772418754963
TargetingDual-targeted_Non-interacting:dipRatio	0.0991508488902142	0.0995001271657821	0.996489670058553	0.319015023420642
TargetingMitochondria-targeted_Interacting:dipRatio	0.139578381524512	1.69575613964544	0.0823104090625295	0.934400064460437
TargetingMitochondria-targeted_Non-interacting:dipRatio	0.174569501453967	1.03950576055394	0.167935097695795	0.866634724133241
TargetingPlastid-targeted_Interacting:dipRatio	0.404446888776378	3.51278264248323	0.1151357570164	0.908337781018609
TargetingPlastid-targeted_Non-interacting:dipRatio	0.0150760410244795	0.0450701152749888	0.334501940642823	0.738001623851179
